Tasmanian	0.00000	0.02961	0.02958	0.03251	0.03248	0.03251	0.03547	0.03861	0.04174	0.04208	0.04185	0.03611	0.03857	0.03857	0.03305	0.02668	0.02979	0.03249	0.03291	0.03257	0.03005	0.02659	0.03256	0.02957	0.02967	0.03290	0.03268	0.02967	0.03253	0.02957
Star_mole	0.02961	0.00000	0.00884	0.01177	0.01176	0.00588	0.00882	0.01472	0.02374	0.02097	0.02084	0.01501	0.01773	0.01773	0.02066	0.01478	0.02083	0.01767	0.01791	0.01179	0.01501	0.01771	0.01771	0.01475	0.01792	0.01791	0.01493	0.01792	0.01769	0.01474
Hamster	        0.02958	0.00884	0.00000	0.00294	0.00294	0.00294	0.00588	0.01180	0.02077	0.01797	0.01786	0.01477	0.01477	0.01230	0.01179	0.01183	0.01189	0.00860	0.00865	0.00842	0.00884	0.00884	0.00804	0.00577	0.00865	0.00894	0.01194	0.00895	0.00883	0.00589
Gerbil	        0.03251	0.01177	0.00294	0.00000	0.00587	0.00587	0.00881	0.01473	0.02372	0.02095	0.02082	0.01770	0.01771	0.01412	0.01473	0.01477	0.01485	0.01116	0.01117	0.01084	0.01178	0.01178	0.01026	0.00841	0.01118	0.01191	0.01492	0.01192	0.01177	0.00883
Norway_rat	0.03248	0.01176	0.00294	0.00587	0.00000	0.00587	0.00293	0.01472	0.02370	0.02093	0.02080	0.01769	0.01770	0.01770	0.01471	0.01476	0.01483	0.01174	0.01190	0.01177	0.01177	0.01177	0.01177	0.00882	0.01191	0.01190	0.01490	0.01191	0.01176	0.00882
Vole	        0.03251	0.00588	0.00294	0.00587	0.00587	0.00000	0.00293	0.01473	0.01777	0.01494	0.01485	0.01179	0.01179	0.01026	0.01473	0.01477	0.01485	0.01116	0.01117	0.00576	0.01178	0.01178	0.01026	0.00841	0.01118	0.01191	0.00894	0.01192	0.01177	0.00883
Mouse	        0.03547	0.00882	0.00588	0.00881	0.00293	0.00293	0.00000	0.01768	0.02073	0.01794	0.01783	0.01474	0.01474	0.01474	0.01768	0.01773	0.01782	0.01470	0.01489	0.00883	0.01473	0.01473	0.01473	0.01177	0.01490	0.01489	0.01192	0.01490	0.01472	0.01177
Shrew	        0.03861	0.01472	0.01180	0.01473	0.01472	0.01473	0.01768	0.00000	0.02971	0.02698	0.02682	0.02372	0.01777	0.01772	0.01768	0.02072	0.02082	0.01470	0.01790	0.01771	0.01770	0.01770	0.01770	0.01474	0.01791	0.01795	0.02098	0.01796	0.01774	0.01478
Jerboa	        0.04174	0.02374	0.02077	0.02372	0.02370	0.01777	0.02073	0.02971	0.00000	0.02103	0.02091	0.02091	0.02092	0.01779	0.02372	0.01473	0.02090	0.02071	0.01797	0.01183	0.01777	0.01777	0.01777	0.01479	0.01798	0.02113	0.01812	0.02115	0.02088	0.01790
Goat	        0.04208	0.02097	0.01797	0.02095	0.02093	0.01494	0.01794	0.02698	0.02103	0.00000	0.01484	0.01809	0.01810	0.01496	0.02095	0.01799	0.01808	0.01791	0.00884	0.00896	0.01494	0.01494	0.01495	0.01194	0.01512	0.01189	0.01525	0.01830	0.01807	0.01506
Pika	        0.04185	0.02084	0.01786	0.02082	0.02080	0.01485	0.01783	0.02682	0.02091	0.01484	0.00000	0.01798	0.01799	0.01487	0.02082	0.01788	0.01797	0.01781	0.01183	0.00890	0.01485	0.01485	0.01485	0.01187	0.01503	0.01491	0.01515	0.01819	0.01796	0.01496
Aardvark	0.03611	0.01501	0.01477	0.01770	0.01769	0.01179	0.01474	0.02372	0.02091	0.01809	0.01798	0.00000	0.01181	0.01487	0.01775	0.01516	0.01798	0.01476	0.01503	0.00891	0.00889	0.01486	0.01486	0.01188	0.01503	0.01193	0.00895	0.01194	0.01179	0.00884
Capuchin	0.03857	0.01773	0.01477	0.01771	0.01770	0.01179	0.01474	0.01777	0.02092	0.01810	0.01799	0.01181	0.00000	0.00297	0.01181	0.01789	0.01798	0.01383	0.01503	0.00891	0.01486	0.01486	0.00890	0.01188	0.01504	0.01138	0.00876	0.01139	0.01027	0.00854
Marmoset	0.03857	0.01773	0.01230	0.01412	0.01770	0.01026	0.01474	0.01772	0.01779	0.01496	0.01487	0.01487	0.00297	0.00000	0.01177	0.01479	0.01486	0.01473	0.01137	0.00581	0.01179	0.01179	0.00588	0.00853	0.01138	0.01503	0.01203	0.01504	0.01485	0.01188
Hedgehog	0.03305	0.02066	0.01179	0.01473	0.01471	0.01473	0.01768	0.01768	0.02372	0.02095	0.02082	0.01775	0.01181	0.01177	0.00000	0.01477	0.01485	0.00880	0.01191	0.01178	0.01178	0.00899	0.00587	0.00883	0.01192	0.01194	0.01496	0.01195	0.01180	0.00885
Lemur	        0.02668	0.01478	0.01183	0.01477	0.01476	0.01477	0.01773	0.02072	0.01473	0.01799	0.01788	0.01516	0.01789	0.01479	0.01477	0.00000	0.01190	0.01179	0.00895	0.00885	0.00601	0.00885	0.00885	0.00589	0.00896	0.01204	0.01507	0.01204	0.01189	0.00892
Sloth	        0.02979	0.02083	0.01189	0.01485	0.01483	0.01485	0.01782	0.02082	0.02090	0.01808	0.01797	0.01798	0.01798	0.01486	0.01485	0.01190	0.00000	0.01185	0.00900	0.00890	0.00890	0.00890	0.00890	0.00593	0.00595	0.01210	0.01201	0.00900	0.00889	0.00897
Armadillo	0.03249	0.01767	0.00860	0.01116	0.01174	0.01116	0.01470	0.01470	0.02071	0.01791	0.01781	0.01476	0.01383	0.01473	0.00880	0.01179	0.01185	0.00000	0.00891	0.00882	0.00881	0.00881	0.00882	0.00587	0.00892	0.00894	0.01194	0.00894	0.00862	0.00589
Elephant_shrew	0.03291	0.01791	0.00865	0.01117	0.01190	0.01117	0.01489	0.01790	0.01797	0.00884	0.01183	0.01503	0.01503	0.01137	0.01191	0.00895	0.00900	0.00891	0.00000	0.00595	0.00595	0.00595	0.00591	0.00296	0.00602	0.00297	0.01216	0.00911	0.00899	0.00599
Brown_bat	0.03257	0.01179	0.00842	0.01084	0.01177	0.00576	0.00883	0.01771	0.01183	0.00896	0.00890	0.00891	0.00891	0.00581	0.01178	0.00885	0.00890	0.00882	0.00595	0.00000	0.00588	0.00588	0.00581	0.00294	0.00595	0.00900	0.00600	0.00901	0.00889	0.00593
Kangroo_rat	0.03005	0.01501	0.00884	0.01178	0.01177	0.01178	0.01473	0.01770	0.01777	0.01494	0.01485	0.00889	0.01486	0.01179	0.01178	0.00601	0.00890	0.00881	0.00595	0.00588	0.00000	0.00588	0.00588	0.00294	0.00595	0.00900	0.01202	0.00901	0.00889	0.00593
Mole_Rat	0.02659	0.01771	0.00884	0.01178	0.01177	0.01178	0.01473	0.01770	0.01777	0.01494	0.01485	0.01486	0.01486	0.01179	0.00899	0.00885	0.00890	0.00881	0.00595	0.00588	0.00588	0.00000	0.00588	0.00294	0.00595	0.00900	0.01202	0.00900	0.00889	0.00593
Human	        0.03256	0.01771	0.00804	0.01026	0.01177	0.01026	0.01473	0.01770	0.01777	0.01495	0.01485	0.01486	0.00890	0.00588	0.00587	0.00885	0.00890	0.00882	0.00591	0.00581	0.00588	0.00588	0.00000	0.00293	0.00592	0.00900	0.01202	0.00901	0.00889	0.00593
Galago	        0.02957	0.01475	0.00577	0.00841	0.00882	0.00841	0.01177	0.01474	0.01479	0.01194	0.01187	0.01188	0.01188	0.00853	0.00883	0.00589	0.00593	0.00587	0.00296	0.00294	0.00294	0.00294	0.00293	0.00000	0.00297	0.00599	0.00901	0.00600	0.00592	0.00297
Degu	        0.02967	0.01792	0.00865	0.01118	0.01191	0.01118	0.01490	0.01791	0.01798	0.01512	0.01503	0.01503	0.01504	0.01138	0.01192	0.00896	0.00595	0.00892	0.00602	0.00595	0.00595	0.00595	0.00592	0.00297	0.00000	0.00911	0.00593	0.00297	0.00900	0.00600
Cattle	        0.03290	0.01791	0.00894	0.01191	0.01190	0.01191	0.01489	0.01795	0.02113	0.01189	0.01491	0.01193	0.01138	0.01503	0.01194	0.01204	0.01210	0.00894	0.00297	0.00900	0.00900	0.00900	0.00900	0.00599	0.00911	0.00000	0.00905	0.00602	0.00588	0.00297
Spear_nose	0.03268	0.01493	0.01194	0.01492	0.01490	0.00894	0.01192	0.02098	0.01812	0.01525	0.01515	0.00895	0.00876	0.01203	0.01496	0.01507	0.01201	0.01194	0.01216	0.00600	0.01202	0.01202	0.01202	0.00901	0.00593	0.00905	0.00000	0.00294	0.00864	0.00596
Vampire_bat	0.02967	0.01792	0.00895	0.01192	0.01191	0.01192	0.01490	0.01796	0.02115	0.01830	0.01819	0.01194	0.01139	0.01504	0.01195	0.01204	0.00900	0.00894	0.00911	0.00901	0.00901	0.00900	0.00901	0.00600	0.00297	0.00602	0.00294	0.00000	0.00588	0.00297
Hyaena   	0.03253	0.01769	0.00883	0.01177	0.01176	0.01177	0.01472	0.01774	0.02088	0.01807	0.01796	0.01179	0.01027	0.01485	0.01180	0.01189	0.00889	0.00862	0.00899	0.00889	0.00889	0.00889	0.00889	0.00592	0.00900	0.00588	0.00864	0.00588	0.00000	0.00293
Whale	        0.02957	0.01474	0.00589	0.00883	0.00882	0.00883	0.01177	0.01478	0.01790	0.01506	0.01496	0.00884	0.00854	0.01188	0.00885	0.00892	0.00897	0.00589	0.00599	0.00593	0.00593	0.00593	0.00593	0.00297	0.00600	0.00297	0.00596	0.00297	0.00293	0.00000
