Ant_pitta_	0.00000	0.00582	0.00290	0.00874	0.01168	0.00874	0.00291	0.00291	0.00582	0.00582	0.00874	0.01167	0.00873	0.00877	0.00873	0.00581	0.01752	0.01166	0.01460	0.01458	0.01466	0.01168	0.01167	0.01461	0.01169	0.01174	0.01187	0.01166	0.00874	0.00874	0.02647	0.05052	0.04453	0.04746	0.04742	0.04448	0.04745	0.05370	0.04161	0.05123	0.05097	0.04751	0.05057	0.04761	0.04528	0.04157	0.04184	0.04456	0.04500	0.04157	0.04454	0.03853	0.04455	0.04154	0.04168	0.04799	0.04468	0.04465	0.04746	0.04449
Anhinga_bi	0.00582	0.00000	0.00291	0.01165	0.01169	0.00875	0.00874	0.00874	0.01168	0.01167	0.00582	0.00874	0.00874	0.00878	0.00874	0.00582	0.01457	0.00531	0.00758	0.00873	0.00886	0.00582	0.00582	0.00874	0.00583	0.00586	0.00593	0.00579	0.00291	0.00291	0.02644	0.05346	0.04448	0.04741	0.04736	0.04741	0.05038	0.05364	0.04455	0.05420	0.05393	0.05045	0.05351	0.05055	0.04523	0.04152	0.04180	0.04451	0.04495	0.04451	0.04449	0.03849	0.04450	0.04149	0.04163	0.04793	0.04762	0.04460	0.04741	0.04444
Furnarius_	0.00290	0.00291	0.00000	0.01167	0.00875	0.00582	0.00581	0.00581	0.00874	0.00874	0.00582	0.00875	0.00582	0.00584	0.00581	0.00291	0.01459	0.00874	0.01167	0.01166	0.01175	0.00875	0.00875	0.01168	0.00876	0.00880	0.00890	0.00874	0.00582	0.00582	0.02942	0.05353	0.04753	0.05046	0.05041	0.04747	0.05045	0.05672	0.04461	0.05428	0.05400	0.05051	0.05358	0.05062	0.04832	0.04456	0.04486	0.04756	0.04803	0.04456	0.04754	0.04152	0.04755	0.04453	0.04469	0.05101	0.04769	0.04765	0.05046	0.04749
Hummingbir	0.00874	0.01165	0.01167	0.00000	0.01464	0.01169	0.00583	0.00583	0.00876	0.00875	0.00582	0.00874	0.01168	0.01173	0.01167	0.00875	0.00874	0.01166	0.01459	0.01458	0.01465	0.01167	0.01166	0.01460	0.01169	0.01173	0.01187	0.01166	0.00874	0.00874	0.03238	0.05350	0.05052	0.05345	0.05340	0.04745	0.05042	0.05368	0.04459	0.05425	0.05397	0.05049	0.04754	0.04458	0.05136	0.04756	0.04787	0.05056	0.05105	0.04454	0.05054	0.04451	0.05055	0.04752	0.04769	0.05404	0.04766	0.05065	0.05345	0.05048
Long_taile	0.01168	0.01169	0.00875	0.01464	0.00000	0.00292	0.00875	0.00875	0.00880	0.00879	0.00877	0.01171	0.00876	0.00880	0.00875	0.00583	0.01757	0.01170	0.01175	0.01174	0.01177	0.00881	0.00880	0.01465	0.01173	0.01177	0.01191	0.01170	0.00876	0.00876	0.02958	0.05380	0.04777	0.05072	0.05067	0.04772	0.05071	0.05066	0.04466	0.05435	0.05407	0.05068	0.04772	0.04466	0.04831	0.04462	0.04491	0.04755	0.04809	0.04462	0.04760	0.04157	0.04761	0.04459	0.04474	0.05119	0.04785	0.04781	0.05063	0.04765
Zebra_finc	0.00874	0.00875	0.00582	0.01169	0.00292	0.00000	0.00583	0.00583	0.00876	0.00875	0.00583	0.00877	0.00583	0.00586	0.00583	0.00291	0.01462	0.00876	0.01170	0.01169	0.01177	0.00877	0.00877	0.01171	0.00878	0.00882	0.00892	0.00876	0.00583	0.00583	0.02945	0.05357	0.04756	0.05050	0.05045	0.04751	0.05049	0.05072	0.04465	0.05432	0.05404	0.05055	0.04760	0.04464	0.04836	0.04460	0.04490	0.04760	0.04807	0.04460	0.04758	0.04156	0.04759	0.04457	0.04472	0.05105	0.04773	0.04769	0.05050	0.04753
Manakin_bi	0.00291	0.00874	0.00581	0.00583	0.00875	0.00583	0.00000	0.00000	0.00291	0.00291	0.00583	0.00875	0.00582	0.00584	0.00582	0.00291	0.01460	0.00874	0.01167	0.01166	0.01175	0.00875	0.00875	0.01168	0.00877	0.00880	0.00890	0.00874	0.00582	0.00582	0.02944	0.05356	0.04755	0.05048	0.05044	0.04750	0.05048	0.05070	0.04463	0.05431	0.05403	0.05054	0.04759	0.04463	0.04835	0.04459	0.04488	0.04759	0.04806	0.04459	0.04757	0.04154	0.04758	0.04456	0.04471	0.05104	0.04771	0.04768	0.05049	0.04751
Flycatcher	0.00291	0.00874	0.00581	0.00583	0.00875	0.00583	0.00000	0.00000	0.00291	0.00291	0.00583	0.00875	0.00582	0.00584	0.00582	0.00291	0.01460	0.00874	0.01167	0.01166	0.01175	0.00875	0.00875	0.01168	0.00877	0.00880	0.00890	0.00874	0.00582	0.00582	0.02944	0.05356	0.04755	0.05048	0.05044	0.04750	0.05048	0.05070	0.04463	0.05431	0.05403	0.05054	0.04759	0.04463	0.04835	0.04459	0.04488	0.04759	0.04806	0.04459	0.04757	0.04154	0.04758	0.04456	0.04471	0.05104	0.04771	0.04768	0.05049	0.04751
Becard_bir	0.00582	0.01168	0.00874	0.00876	0.00880	0.00876	0.00291	0.00291	0.00000	0.00294	0.00876	0.01169	0.00875	0.00879	0.00874	0.00583	0.01755	0.01168	0.01178	0.01177	0.00878	0.00584	0.00883	0.01464	0.01171	0.01176	0.01189	0.01169	0.00875	0.00875	0.02970	0.05401	0.04796	0.05091	0.05086	0.04790	0.05090	0.05078	0.04512	0.05489	0.05460	0.04762	0.04466	0.04511	0.04843	0.04507	0.04537	0.04766	0.04858	0.04507	0.04808	0.04200	0.04809	0.04504	0.04520	0.04810	0.04478	0.04475	0.04757	0.04459
Green_bird	0.00582	0.01167	0.00874	0.00875	0.00879	0.00875	0.00291	0.00291	0.00294	0.00000	0.00876	0.01168	0.00874	0.00878	0.00874	0.00582	0.01754	0.01167	0.00875	0.00874	0.00876	0.00883	0.00583	0.01463	0.01171	0.01175	0.01188	0.01168	0.00875	0.00875	0.02647	0.05053	0.04453	0.04747	0.04742	0.04448	0.04746	0.05054	0.04460	0.05427	0.05399	0.04755	0.04459	0.04460	0.04819	0.04456	0.04485	0.04744	0.04802	0.04456	0.04754	0.04152	0.04755	0.04453	0.04468	0.04802	0.04471	0.04468	0.04750	0.04452
Budgerigar	0.00874	0.00582	0.00582	0.00582	0.00877	0.00583	0.00583	0.00583	0.00876	0.00876	0.00000	0.00291	0.00583	0.00586	0.00583	0.00291	0.00874	0.00531	0.00759	0.00874	0.00887	0.00583	0.00582	0.00875	0.00584	0.00586	0.00593	0.00579	0.00291	0.00291	0.03239	0.05350	0.05052	0.05346	0.05341	0.04745	0.05043	0.05369	0.04459	0.05425	0.05398	0.05049	0.04754	0.04458	0.05136	0.04756	0.04787	0.05056	0.05106	0.04454	0.05054	0.04451	0.05055	0.04753	0.04769	0.05404	0.04767	0.05066	0.05346	0.05048
Crested_bi	0.01167	0.00874	0.00875	0.00874	0.01171	0.00877	0.00875	0.00875	0.01169	0.01168	0.00291	0.00000	0.00875	0.00879	0.00875	0.00583	0.01166	0.00874	0.01167	0.01166	0.01175	0.00875	0.00875	0.01168	0.00876	0.00880	0.00890	0.00874	0.00582	0.00582	0.03536	0.05653	0.05354	0.05648	0.05643	0.05046	0.05344	0.05672	0.04761	0.05731	0.05702	0.05351	0.05056	0.04760	0.05442	0.05058	0.05091	0.05358	0.05410	0.04756	0.05357	0.04752	0.05358	0.05054	0.05072	0.05709	0.05069	0.05369	0.05648	0.05350
Spotted_bi	0.00873	0.00874	0.00582	0.01168	0.00876	0.00583	0.00582	0.00582	0.00875	0.00874	0.00583	0.00875	0.00000	0.00585	0.00582	0.00291	0.01460	0.00875	0.01168	0.01167	0.01176	0.00876	0.00875	0.01169	0.00877	0.00881	0.00891	0.00875	0.00583	0.00583	0.03539	0.05961	0.05359	0.05050	0.05647	0.05353	0.05652	0.05677	0.05068	0.06044	0.06014	0.05659	0.05363	0.05067	0.05447	0.05062	0.05095	0.05363	0.05415	0.05062	0.05361	0.04756	0.05362	0.05059	0.05076	0.05714	0.05377	0.05373	0.05653	0.05355
Chimney_sw	0.00877	0.00878	0.00584	0.01173	0.00880	0.00586	0.00584	0.00584	0.00879	0.00878	0.00586	0.00879	0.00585	0.00000	0.00584	0.00292	0.01467	0.00879	0.01173	0.01172	0.01181	0.00880	0.00879	0.01174	0.00881	0.00884	0.00895	0.00879	0.00585	0.00585	0.03554	0.05986	0.05381	0.05676	0.05671	0.05375	0.05675	0.05701	0.05089	0.06070	0.05386	0.05682	0.05385	0.05088	0.05470	0.05084	0.05117	0.05385	0.05438	0.05084	0.05384	0.04776	0.05385	0.05080	0.05098	0.05738	0.05400	0.05396	0.05676	0.05377
Paradise_b	0.00873	0.00874	0.00581	0.01167	0.00875	0.00583	0.00582	0.00582	0.00874	0.00874	0.00583	0.00875	0.00582	0.00584	0.00000	0.00291	0.01460	0.00874	0.01167	0.01166	0.01175	0.00875	0.00875	0.01168	0.00877	0.00880	0.00890	0.00874	0.00582	0.00582	0.02941	0.05355	0.04755	0.05048	0.05044	0.04749	0.05047	0.05070	0.04778	0.05431	0.05403	0.05054	0.04758	0.04462	0.04835	0.04773	0.04488	0.04758	0.04805	0.04459	0.04757	0.04154	0.04758	0.04455	0.04471	0.05104	0.04771	0.04767	0.05048	0.04751
Emu_bird	0.00581	0.00582	0.00291	0.00875	0.00583	0.00291	0.00291	0.00291	0.00583	0.00582	0.00291	0.00583	0.00291	0.00292	0.00291	0.00000	0.01167	0.00583	0.00875	0.00874	0.00887	0.00583	0.00583	0.00876	0.00584	0.00587	0.00594	0.00583	0.00291	0.00291	0.03240	0.05657	0.05055	0.05349	0.05344	0.05050	0.05348	0.05372	0.04764	0.05736	0.05707	0.05355	0.05059	0.04763	0.05139	0.04759	0.04790	0.05059	0.05109	0.04759	0.05057	0.04454	0.05058	0.04756	0.04772	0.05407	0.05073	0.05069	0.05349	0.05051
Mouse_bird	0.01752	0.01457	0.01459	0.00874	0.01757	0.01462	0.01460	0.01460	0.01755	0.01754	0.00874	0.01166	0.01460	0.01467	0.01460	0.01167	0.00000	0.00874	0.01167	0.01751	0.01757	0.01460	0.01459	0.01754	0.01462	0.01467	0.01484	0.01458	0.01165	0.01165	0.04129	0.05650	0.05352	0.05645	0.05640	0.05043	0.05341	0.05669	0.04758	0.05729	0.05700	0.05348	0.05053	0.04757	0.05439	0.05056	0.05088	0.05356	0.05408	0.04753	0.05354	0.04750	0.05355	0.05052	0.05069	0.05706	0.05066	0.05366	0.05645	0.05347
Chicken_bi	0.01166	0.00531	0.00874	0.01166	0.01170	0.00876	0.00874	0.00874	0.01168	0.01167	0.00531	0.00874	0.00875	0.00879	0.00874	0.00583	0.00874	0.00000	0.00291	0.00874	0.00886	0.00583	0.00532	0.00875	0.00535	0.00586	0.00593	0.00516	0.00279	0.00279	0.03238	0.05349	0.04450	0.04743	0.04739	0.04743	0.05041	0.04764	0.04457	0.05423	0.05396	0.05047	0.04752	0.04457	0.04526	0.04154	0.04182	0.04453	0.04498	0.04453	0.04452	0.03851	0.04453	0.04151	0.04166	0.04796	0.04765	0.04462	0.04743	0.04447
Bill_bird	0.01460	0.00758	0.01167	0.01459	0.01175	0.01170	0.01167	0.01167	0.01178	0.00875	0.00759	0.01167	0.01168	0.01173	0.01167	0.00875	0.01167	0.00291	0.00000	0.00582	0.00583	0.00588	0.00280	0.01168	0.00765	0.00880	0.00890	0.00734	0.00532	0.00532	0.02940	0.05046	0.04149	0.04442	0.04438	0.04442	0.04740	0.04749	0.04455	0.05420	0.05392	0.04748	0.04453	0.04454	0.04511	0.04152	0.04179	0.04439	0.04495	0.04450	0.04449	0.03849	0.04450	0.04149	0.04163	0.04495	0.04465	0.04163	0.04445	0.04148
Duck_bird	0.01458	0.00873	0.01166	0.01458	0.01174	0.01169	0.01166	0.01166	0.01177	0.00874	0.00874	0.01166	0.01167	0.01172	0.01166	0.00874	0.01751	0.00874	0.00582	0.00000	0.00583	0.00587	0.00291	0.01167	0.00876	0.00879	0.00890	0.00874	0.00582	0.00582	0.02938	0.05344	0.04446	0.04739	0.04735	0.04739	0.05036	0.05046	0.04752	0.05721	0.05692	0.05046	0.04751	0.04751	0.04735	0.04448	0.04478	0.04736	0.04794	0.04747	0.04746	0.04443	0.04747	0.04445	0.04461	0.04794	0.04763	0.04460	0.04742	0.04445
Frogmouth_	0.01466	0.00886	0.01175	0.01465	0.01177	0.01177	0.01175	0.01175	0.00878	0.00876	0.00887	0.01175	0.01176	0.01181	0.01175	0.00887	0.01757	0.00886	0.00583	0.00583	0.00000	0.00292	0.00292	0.01176	0.00889	0.00892	0.00902	0.00886	0.00607	0.00607	0.02946	0.05660	0.04759	0.05052	0.05047	0.05052	0.05351	0.05068	0.04791	0.05768	0.05739	0.04757	0.04461	0.04791	0.04833	0.04486	0.04515	0.04757	0.04835	0.04787	0.04785	0.04180	0.04786	0.04482	0.04498	0.04502	0.04473	0.04170	0.04453	0.04155
Killdeer_b	0.01168	0.00582	0.00875	0.01167	0.00881	0.00877	0.00875	0.00875	0.00584	0.00883	0.00583	0.00875	0.00876	0.00880	0.00875	0.00583	0.01460	0.00583	0.00588	0.00587	0.00292	0.00000	0.00294	0.00876	0.00584	0.00587	0.00594	0.00583	0.00291	0.00291	0.02966	0.05696	0.04790	0.05085	0.05081	0.05085	0.05386	0.05073	0.04809	0.05788	0.05759	0.05056	0.04761	0.04808	0.04837	0.04502	0.04532	0.04761	0.04852	0.04804	0.04803	0.04195	0.04803	0.04499	0.04515	0.04804	0.04773	0.04470	0.04752	0.04454
Ruddy_duck	0.01167	0.00582	0.00875	0.01166	0.00880	0.00877	0.00875	0.00875	0.00883	0.00583	0.00582	0.00875	0.00875	0.00879	0.00875	0.00583	0.01459	0.00532	0.00280	0.00291	0.00292	0.00294	0.00000	0.00876	0.00584	0.00587	0.00593	0.00580	0.00291	0.00291	0.02644	0.05346	0.04448	0.04741	0.04737	0.04741	0.05039	0.05048	0.04754	0.05724	0.05695	0.05048	0.04753	0.04754	0.04814	0.04451	0.04480	0.04738	0.04797	0.04750	0.04748	0.04147	0.04749	0.04448	0.04463	0.04797	0.04766	0.04463	0.04744	0.04447
Kagu_bird	0.01461	0.00874	0.01168	0.01460	0.01465	0.01171	0.01168	0.01168	0.01464	0.01463	0.00875	0.01168	0.01169	0.01174	0.01168	0.00876	0.01754	0.00875	0.01168	0.01167	0.01176	0.00876	0.00876	0.00000	0.00877	0.00881	0.00891	0.00875	0.00583	0.00583	0.03540	0.05993	0.05087	0.05382	0.05377	0.05382	0.05682	0.05405	0.05095	0.06077	0.06046	0.05689	0.05392	0.05094	0.05172	0.04789	0.04821	0.05091	0.05141	0.05090	0.05089	0.04482	0.05090	0.04785	0.04802	0.05441	0.05407	0.05100	0.05382	0.05083
Guillemot_	0.01169	0.00583	0.00876	0.01169	0.01173	0.00878	0.00877	0.00877	0.01171	0.01171	0.00584	0.00876	0.00877	0.00881	0.00877	0.00584	0.01462	0.00535	0.00765	0.00876	0.00889	0.00584	0.00584	0.00877	0.00000	0.00588	0.00595	0.00581	0.00292	0.00292	0.03246	0.05968	0.05065	0.05359	0.05354	0.05359	0.05658	0.05382	0.04772	0.06051	0.06021	0.05665	0.05369	0.05072	0.05149	0.04768	0.04799	0.05069	0.05118	0.05068	0.05067	0.04462	0.05068	0.04764	0.04781	0.05417	0.05383	0.05078	0.05359	0.05061
Plains_wan	0.01174	0.00586	0.00880	0.01173	0.01177	0.00882	0.00880	0.00880	0.01176	0.01175	0.00586	0.00880	0.00881	0.00884	0.00880	0.00587	0.01467	0.00586	0.00880	0.00879	0.00892	0.00587	0.00587	0.00881	0.00588	0.00000	0.00597	0.00586	0.00293	0.00293	0.03257	0.05986	0.05080	0.05375	0.05370	0.05375	0.05675	0.05398	0.05089	0.06069	0.06038	0.05682	0.05385	0.05088	0.05165	0.04783	0.04814	0.05084	0.05134	0.05084	0.05082	0.04476	0.05083	0.04779	0.04796	0.05434	0.05400	0.05094	0.05375	0.05076
Cockatoo	0.01187	0.00593	0.00890	0.01187	0.01191	0.00892	0.00890	0.00890	0.01189	0.01188	0.00593	0.00890	0.00891	0.00895	0.00890	0.00594	0.01484	0.00593	0.00890	0.00890	0.00902	0.00594	0.00593	0.00891	0.00595	0.00597	0.00000	0.00593	0.00297	0.00297	0.03289	0.05649	0.04750	0.05043	0.05038	0.05043	0.05341	0.05065	0.04758	0.05728	0.05699	0.05348	0.05053	0.04757	0.04829	0.04454	0.04483	0.04753	0.04800	0.04753	0.04752	0.04150	0.04753	0.04451	0.04466	0.05098	0.05066	0.04762	0.05043	0.04746
Black_legg	0.01166	0.00579	0.00874	0.01166	0.01170	0.00876	0.00874	0.00874	0.01169	0.01168	0.00579	0.00874	0.00875	0.00879	0.00874	0.00583	0.01458	0.00516	0.00734	0.00874	0.00886	0.00583	0.00580	0.00875	0.00581	0.00586	0.00593	0.00000	0.00291	0.00291	0.03238	0.05953	0.05052	0.05345	0.05341	0.05345	0.05644	0.05368	0.05061	0.06036	0.06006	0.05651	0.05356	0.05060	0.05136	0.04756	0.04759	0.05056	0.05106	0.05055	0.05054	0.04451	0.05055	0.04753	0.04769	0.05404	0.05370	0.05066	0.05055	0.05048
Bale_eagle	0.00874	0.00291	0.00582	0.00874	0.00876	0.00583	0.00582	0.00582	0.00875	0.00875	0.00291	0.00582	0.00583	0.00585	0.00582	0.00291	0.01165	0.00279	0.00532	0.00582	0.00607	0.00291	0.00291	0.00583	0.00292	0.00293	0.00297	0.00291	0.00000	0.00000	0.02941	0.05649	0.04750	0.05043	0.05038	0.05043	0.05341	0.05064	0.04758	0.05728	0.05699	0.05347	0.05052	0.04757	0.04829	0.04454	0.04483	0.04753	0.04800	0.04753	0.04752	0.04150	0.04752	0.04451	0.04466	0.05098	0.05066	0.04762	0.05043	0.04746
Falcon_bir	0.00874	0.00291	0.00582	0.00874	0.00876	0.00583	0.00582	0.00582	0.00875	0.00875	0.00291	0.00582	0.00583	0.00585	0.00582	0.00291	0.01165	0.00279	0.00532	0.00582	0.00607	0.00291	0.00291	0.00583	0.00292	0.00293	0.00297	0.00291	0.00000	0.00000	0.02941	0.05649	0.04750	0.05043	0.05038	0.05043	0.05341	0.05064	0.04758	0.05728	0.05699	0.05347	0.05052	0.04757	0.04829	0.04454	0.04483	0.04753	0.04800	0.04753	0.04752	0.04150	0.04752	0.04451	0.04466	0.05098	0.05066	0.04762	0.05043	0.04746
Tasmanian	0.02647	0.02644	0.02942	0.03238	0.02958	0.02945	0.02944	0.02944	0.02970	0.02647	0.03239	0.03536	0.03539	0.03554	0.02941	0.03240	0.04129	0.03238	0.02940	0.02938	0.02946	0.02966	0.02644	0.03540	0.03246	0.03257	0.03289	0.03238	0.02941	0.02941	0.00000	0.02961	0.02958	0.03251	0.03248	0.03251	0.03547	0.03861	0.04174	0.04208	0.04185	0.03611	0.03857	0.03857	0.03305	0.02668	0.02979	0.03249	0.03291	0.03257	0.03005	0.02659	0.03256	0.02957	0.02967	0.03290	0.03268	0.02967	0.03253	0.02957
Star_mole	0.05052	0.05346	0.05353	0.05350	0.05380	0.05357	0.05356	0.05356	0.05401	0.05053	0.05350	0.05653	0.05961	0.05986	0.05355	0.05657	0.05650	0.05349	0.05046	0.05344	0.05660	0.05696	0.05346	0.05993	0.05968	0.05986	0.05649	0.05953	0.05649	0.05649	0.02961	0.00000	0.00884	0.01177	0.01176	0.00588	0.00882	0.01472	0.02374	0.02097	0.02084	0.01501	0.01773	0.01773	0.02066	0.01478	0.02083	0.01767	0.01791	0.01179	0.01501	0.01771	0.01771	0.01475	0.01792	0.01791	0.01493	0.01792	0.01769	0.01474
Hamster	0.04453	0.04448	0.04753	0.05052	0.04777	0.04756	0.04755	0.04755	0.04796	0.04453	0.05052	0.05354	0.05359	0.05381	0.04755	0.05055	0.05352	0.04450	0.04149	0.04446	0.04759	0.04790	0.04448	0.05087	0.05065	0.05080	0.04750	0.05052	0.04750	0.04750	0.02958	0.00884	0.00000	0.00294	0.00294	0.00294	0.00588	0.01180	0.02077	0.01797	0.01786	0.01477	0.01477	0.01230	0.01179	0.01183	0.01189	0.00860	0.00865	0.00842	0.00884	0.00884	0.00804	0.00577	0.00865	0.00894	0.01194	0.00895	0.00883	0.00589
Gerbil	0.04746	0.04741	0.05046	0.05345	0.05072	0.05050	0.05048	0.05048	0.05091	0.04747	0.05346	0.05648	0.05050	0.05676	0.05048	0.05349	0.05645	0.04743	0.04442	0.04739	0.05052	0.05085	0.04741	0.05382	0.05359	0.05375	0.05043	0.05345	0.05043	0.05043	0.03251	0.01177	0.00294	0.00000	0.00587	0.00587	0.00881	0.01473	0.02372	0.02095	0.02082	0.01770	0.01771	0.01412	0.01473	0.01477	0.01485	0.01116	0.01117	0.01084	0.01178	0.01178	0.01026	0.00841	0.01118	0.01191	0.01492	0.01192	0.01177	0.00883
Norway_rat	0.04742	0.04736	0.05041	0.05340	0.05067	0.05045	0.05044	0.05044	0.05086	0.04742	0.05341	0.05643	0.05647	0.05671	0.05044	0.05344	0.05640	0.04739	0.04438	0.04735	0.05047	0.05081	0.04737	0.05377	0.05354	0.05370	0.05038	0.05341	0.05038	0.05038	0.03248	0.01176	0.00294	0.00587	0.00000	0.00587	0.00293	0.01472	0.02370	0.02093	0.02080	0.01769	0.01770	0.01770	0.01471	0.01476	0.01483	0.01174	0.01190	0.01177	0.01177	0.01177	0.01177	0.00882	0.01191	0.01190	0.01490	0.01191	0.01176	0.00882
Vole	0.04448	0.04741	0.04747	0.04745	0.04772	0.04751	0.04750	0.04750	0.04790	0.04448	0.04745	0.05046	0.05353	0.05375	0.04749	0.05050	0.05043	0.04743	0.04442	0.04739	0.05052	0.05085	0.04741	0.05382	0.05359	0.05375	0.05043	0.05345	0.05043	0.05043	0.03251	0.00588	0.00294	0.00587	0.00587	0.00000	0.00293	0.01473	0.01777	0.01494	0.01485	0.01179	0.01179	0.01026	0.01473	0.01477	0.01485	0.01116	0.01117	0.00576	0.01178	0.01178	0.01026	0.00841	0.01118	0.01191	0.00894	0.01192	0.01177	0.00883
Mouse	0.04745	0.05038	0.05045	0.05042	0.05071	0.05049	0.05048	0.05048	0.05090	0.04746	0.05043	0.05344	0.05652	0.05675	0.05047	0.05348	0.05341	0.05041	0.04740	0.05036	0.05351	0.05386	0.05039	0.05682	0.05658	0.05675	0.05341	0.05644	0.05341	0.05341	0.03547	0.00882	0.00588	0.00881	0.00293	0.00293	0.00000	0.01768	0.02073	0.01794	0.01783	0.01474	0.01474	0.01474	0.01768	0.01773	0.01782	0.01470	0.01489	0.00883	0.01473	0.01473	0.01473	0.01177	0.01490	0.01489	0.01192	0.01490	0.01472	0.01177
Shrew	0.05370	0.05364	0.05672	0.05368	0.05066	0.05072	0.05070	0.05070	0.05078	0.05054	0.05369	0.05672	0.05677	0.05701	0.05070	0.05372	0.05669	0.04764	0.04749	0.05046	0.05068	0.05073	0.05048	0.05405	0.05382	0.05398	0.05065	0.05368	0.05064	0.05064	0.03861	0.01472	0.01180	0.01473	0.01472	0.01473	0.01768	0.00000	0.02971	0.02698	0.02682	0.02372	0.01777	0.01772	0.01768	0.02072	0.02082	0.01470	0.01790	0.01771	0.01770	0.01770	0.01770	0.01474	0.01791	0.01795	0.02098	0.01796	0.01774	0.01478
Jerboa	0.04161	0.04455	0.04461	0.04459	0.04466	0.04465	0.04463	0.04463	0.04512	0.04460	0.04459	0.04761	0.05068	0.05089	0.04778	0.04764	0.04758	0.04457	0.04455	0.04752	0.04791	0.04809	0.04754	0.05095	0.04772	0.05089	0.04758	0.05061	0.04758	0.04758	0.04174	0.02374	0.02077	0.02372	0.02370	0.01777	0.02073	0.02971	0.00000	0.02103	0.02091	0.02091	0.02092	0.01779	0.02372	0.01473	0.02090	0.02071	0.01797	0.01183	0.01777	0.01777	0.01777	0.01479	0.01798	0.02113	0.01812	0.02115	0.02088	0.01790
Goat	0.05123	0.05420	0.05428	0.05425	0.05435	0.05432	0.05431	0.05431	0.05489	0.05427	0.05425	0.05731	0.06044	0.06070	0.05431	0.05736	0.05729	0.05423	0.05420	0.05721	0.05768	0.05788	0.05724	0.06077	0.06051	0.06069	0.05728	0.06036	0.05728	0.05728	0.04208	0.02097	0.01797	0.02095	0.02093	0.01494	0.01794	0.02698	0.02103	0.00000	0.01484	0.01809	0.01810	0.01496	0.02095	0.01799	0.01808	0.01791	0.00884	0.00896	0.01494	0.01494	0.01495	0.01194	0.01512	0.01189	0.01525	0.01830	0.01807	0.01506
Pika	0.05097	0.05393	0.05400	0.05397	0.05407	0.05404	0.05403	0.05403	0.05460	0.05399	0.05398	0.05702	0.06014	0.05386	0.05403	0.05707	0.05700	0.05396	0.05392	0.05692	0.05739	0.05759	0.05695	0.06046	0.06021	0.06038	0.05699	0.06006	0.05699	0.05699	0.04185	0.02084	0.01786	0.02082	0.02080	0.01485	0.01783	0.02682	0.02091	0.01484	0.00000	0.01798	0.01799	0.01487	0.02082	0.01788	0.01797	0.01781	0.01183	0.00890	0.01485	0.01485	0.01485	0.01187	0.01503	0.01491	0.01515	0.01819	0.01796	0.01496
Aardvark	0.04751	0.05045	0.05051	0.05049	0.05068	0.05055	0.05054	0.05054	0.04762	0.04755	0.05049	0.05351	0.05659	0.05682	0.05054	0.05355	0.05348	0.05047	0.04748	0.05046	0.04757	0.05056	0.05048	0.05689	0.05665	0.05682	0.05348	0.05651	0.05347	0.05347	0.03611	0.01501	0.01477	0.01770	0.01769	0.01179	0.01474	0.02372	0.02091	0.01809	0.01798	0.00000	0.01181	0.01487	0.01775	0.01516	0.01798	0.01476	0.01503	0.00891	0.00889	0.01486	0.01486	0.01188	0.01503	0.01193	0.00895	0.01194	0.01179	0.00884
Capuchin	0.05057	0.05351	0.05358	0.04754	0.04772	0.04760	0.04759	0.04759	0.04466	0.04459	0.04754	0.05056	0.05363	0.05385	0.04758	0.05059	0.05053	0.04752	0.04453	0.04751	0.04461	0.04761	0.04753	0.05392	0.05369	0.05385	0.05053	0.05356	0.05052	0.05052	0.03857	0.01773	0.01477	0.01771	0.01770	0.01179	0.01474	0.01777	0.02092	0.01810	0.01799	0.01181	0.00000	0.00297	0.01181	0.01789	0.01798	0.01383	0.01503	0.00891	0.01486	0.01486	0.00890	0.01188	0.01504	0.01138	0.00876	0.01139	0.01027	0.00854
Marmoset	0.04761	0.05055	0.05062	0.04458	0.04466	0.04464	0.04463	0.04463	0.04511	0.04460	0.04458	0.04760	0.05067	0.05088	0.04462	0.04763	0.04757	0.04457	0.04454	0.04751	0.04791	0.04808	0.04754	0.05094	0.05072	0.05088	0.04757	0.05060	0.04757	0.04757	0.03857	0.01773	0.01230	0.01412	0.01770	0.01026	0.01474	0.01772	0.01779	0.01496	0.01487	0.01487	0.00297	0.00000	0.01177	0.01479	0.01486	0.01473	0.01137	0.00581	0.01179	0.01179	0.00588	0.00853	0.01138	0.01503	0.01203	0.01504	0.01485	0.01188
Hedgehog	0.04528	0.04523	0.04832	0.05136	0.04831	0.04836	0.04835	0.04835	0.04843	0.04819	0.05136	0.05442	0.05447	0.05470	0.04835	0.05139	0.05439	0.04526	0.04511	0.04735	0.04833	0.04837	0.04814	0.05172	0.05149	0.05165	0.04829	0.05136	0.04829	0.04829	0.03305	0.02066	0.01179	0.01473	0.01471	0.01473	0.01768	0.01768	0.02372	0.02095	0.02082	0.01775	0.01181	0.01177	0.00000	0.01477	0.01485	0.00880	0.01191	0.01178	0.01178	0.00899	0.00587	0.00883	0.01192	0.01194	0.01496	0.01195	0.01180	0.00885
Lemur	0.04157	0.04152	0.04456	0.04756	0.04462	0.04460	0.04459	0.04459	0.04507	0.04456	0.04756	0.05058	0.05062	0.05084	0.04773	0.04759	0.05056	0.04154	0.04152	0.04448	0.04486	0.04502	0.04451	0.04789	0.04768	0.04783	0.04454	0.04756	0.04454	0.04454	0.02668	0.01478	0.01183	0.01477	0.01476	0.01477	0.01773	0.02072	0.01473	0.01799	0.01788	0.01516	0.01789	0.01479	0.01477	0.00000	0.01190	0.01179	0.00895	0.00885	0.00601	0.00885	0.00885	0.00589	0.00896	0.01204	0.01507	0.01204	0.01189	0.00892
Sloth	0.04184	0.04180	0.04486	0.04787	0.04491	0.04490	0.04488	0.04488	0.04537	0.04485	0.04787	0.05091	0.05095	0.05117	0.04488	0.04790	0.05088	0.04182	0.04179	0.04478	0.04515	0.04532	0.04480	0.04821	0.04799	0.04814	0.04483	0.04759	0.04483	0.04483	0.02979	0.02083	0.01189	0.01485	0.01483	0.01485	0.01782	0.02082	0.02090	0.01808	0.01797	0.01798	0.01798	0.01486	0.01485	0.01190	0.00000	0.01185	0.00900	0.00890	0.00890	0.00890	0.00890	0.00593	0.00595	0.01210	0.01201	0.00900	0.00889	0.00897
Armadillo	0.04456	0.04451	0.04756	0.05056	0.04755	0.04760	0.04759	0.04759	0.04766	0.04744	0.05056	0.05358	0.05363	0.05385	0.04758	0.05059	0.05356	0.04453	0.04439	0.04736	0.04757	0.04761	0.04738	0.05091	0.05069	0.05084	0.04753	0.05056	0.04753	0.04753	0.03249	0.01767	0.00860	0.01116	0.01174	0.01116	0.01470	0.01470	0.02071	0.01791	0.01781	0.01476	0.01383	0.01473	0.00880	0.01179	0.01185	0.00000	0.00891	0.00882	0.00881	0.00881	0.00882	0.00587	0.00892	0.00894	0.01194	0.00894	0.00862	0.00589
Ele_shrew	0.04500	0.04495	0.04803	0.05105	0.04809	0.04807	0.04806	0.04806	0.04858	0.04802	0.05106	0.05410	0.05415	0.05438	0.04805	0.05109	0.05408	0.04498	0.04495	0.04794	0.04835	0.04852	0.04797	0.05141	0.05118	0.05134	0.04800	0.05106	0.04800	0.04800	0.03291	0.01791	0.00865	0.01117	0.01190	0.01117	0.01489	0.01790	0.01797	0.00884	0.01183	0.01503	0.01503	0.01137	0.01191	0.00895	0.00900	0.00891	0.00000	0.00595	0.00595	0.00595	0.00591	0.00296	0.00602	0.00297	0.01216	0.00911	0.00899	0.00599
Brown_bat	0.04157	0.04451	0.04456	0.04454	0.04462	0.04460	0.04459	0.04459	0.04507	0.04456	0.04454	0.04756	0.05062	0.05084	0.04459	0.04759	0.04753	0.04453	0.04450	0.04747	0.04787	0.04804	0.04750	0.05090	0.05068	0.05084	0.04753	0.05055	0.04753	0.04753	0.03257	0.01179	0.00842	0.01084	0.01177	0.00576	0.00883	0.01771	0.01183	0.00896	0.00890	0.00891	0.00891	0.00581	0.01178	0.00885	0.00890	0.00882	0.00595	0.00000	0.00588	0.00588	0.00581	0.00294	0.00595	0.00900	0.00600	0.00901	0.00889	0.00593
Kang_rat	0.04454	0.04449	0.04754	0.05054	0.04760	0.04758	0.04757	0.04757	0.04808	0.04754	0.05054	0.05357	0.05361	0.05384	0.04757	0.05057	0.05354	0.04452	0.04449	0.04746	0.04785	0.04803	0.04748	0.05089	0.05067	0.05082	0.04752	0.05054	0.04752	0.04752	0.03005	0.01501	0.00884	0.01178	0.01177	0.01178	0.01473	0.01770	0.01777	0.01494	0.01485	0.00889	0.01486	0.01179	0.01178	0.00601	0.00890	0.00881	0.00595	0.00588	0.00000	0.00588	0.00588	0.00294	0.00595	0.00900	0.01202	0.00901	0.00889	0.00593
Mole_Rat	0.03853	0.03849	0.04152	0.04451	0.04157	0.04156	0.04154	0.04154	0.04200	0.04152	0.04451	0.04752	0.04756	0.04776	0.04154	0.04454	0.04750	0.03851	0.03849	0.04443	0.04180	0.04195	0.04147	0.04482	0.04462	0.04476	0.04150	0.04451	0.04150	0.04150	0.02659	0.01771	0.00884	0.01178	0.01177	0.01178	0.01473	0.01770	0.01777	0.01494	0.01485	0.01486	0.01486	0.01179	0.00899	0.00885	0.00890	0.00881	0.00595	0.00588	0.00588	0.00000	0.00588	0.00294	0.00595	0.00900	0.01202	0.00900	0.00889	0.00593
Human	0.04455	0.04450	0.04755	0.05055	0.04761	0.04759	0.04758	0.04758	0.04809	0.04755	0.05055	0.05358	0.05362	0.05385	0.04758	0.05058	0.05355	0.04453	0.04450	0.04747	0.04786	0.04803	0.04749	0.05090	0.05068	0.05083	0.04753	0.05055	0.04752	0.04752	0.03256	0.01771	0.00804	0.01026	0.01177	0.01026	0.01473	0.01770	0.01777	0.01495	0.01485	0.01486	0.00890	0.00588	0.00587	0.00885	0.00890	0.00882	0.00591	0.00581	0.00588	0.00588	0.00000	0.00293	0.00592	0.00900	0.01202	0.00901	0.00889	0.00593
Galago	0.04154	0.04149	0.04453	0.04752	0.04459	0.04457	0.04456	0.04456	0.04504	0.04453	0.04753	0.05054	0.05059	0.05080	0.04455	0.04756	0.05052	0.04151	0.04149	0.04445	0.04482	0.04499	0.04448	0.04785	0.04764	0.04779	0.04451	0.04753	0.04451	0.04451	0.02957	0.01475	0.00577	0.00841	0.00882	0.00841	0.01177	0.01474	0.01479	0.01194	0.01187	0.01188	0.01188	0.00853	0.00883	0.00589	0.00593	0.00587	0.00296	0.00294	0.00294	0.00294	0.00293	0.00000	0.00297	0.00599	0.00901	0.00600	0.00592	0.00297
Degu	0.04168	0.04163	0.04469	0.04769	0.04474	0.04472	0.04471	0.04471	0.04520	0.04468	0.04769	0.05072	0.05076	0.05098	0.04471	0.04772	0.05069	0.04166	0.04163	0.04461	0.04498	0.04515	0.04463	0.04802	0.04781	0.04796	0.04466	0.04769	0.04466	0.04466	0.02967	0.01792	0.00865	0.01118	0.01191	0.01118	0.01490	0.01791	0.01798	0.01512	0.01503	0.01503	0.01504	0.01138	0.01192	0.00896	0.00595	0.00892	0.00602	0.00595	0.00595	0.00595	0.00592	0.00297	0.00000	0.00911	0.00593	0.00297	0.00900	0.00600
Cattle	0.04799	0.04793	0.05101	0.05404	0.05119	0.05105	0.05104	0.05104	0.04810	0.04802	0.05404	0.05709	0.05714	0.05738	0.05104	0.05407	0.05706	0.04796	0.04495	0.04794	0.04502	0.04804	0.04797	0.05441	0.05417	0.05434	0.05098	0.05404	0.05098	0.05098	0.03290	0.01791	0.00894	0.01191	0.01190	0.01191	0.01489	0.01795	0.02113	0.01189	0.01491	0.01193	0.01138	0.01503	0.01194	0.01204	0.01210	0.00894	0.00297	0.00900	0.00900	0.00900	0.00900	0.00599	0.00911	0.00000	0.00905	0.00602	0.00588	0.00297
Spear_nose	0.04468	0.04762	0.04769	0.04766	0.04785	0.04773	0.04771	0.04771	0.04478	0.04471	0.04767	0.05069	0.05377	0.05400	0.04771	0.05073	0.05066	0.04765	0.04465	0.04763	0.04473	0.04773	0.04766	0.05407	0.05383	0.05400	0.05066	0.05370	0.05066	0.05066	0.03268	0.01493	0.01194	0.01492	0.01490	0.00894	0.01192	0.02098	0.01812	0.01525	0.01515	0.00895	0.00876	0.01203	0.01496	0.01507	0.01201	0.01194	0.01216	0.00600	0.01202	0.01202	0.01202	0.00901	0.00593	0.00905	0.00000	0.00294	0.00864	0.00596
Vampir_bat	0.04465	0.04460	0.04765	0.05065	0.04781	0.04769	0.04768	0.04768	0.04475	0.04468	0.05066	0.05369	0.05373	0.05396	0.04767	0.05069	0.05366	0.04462	0.04163	0.04460	0.04170	0.04470	0.04463	0.05100	0.05078	0.05094	0.04762	0.05066	0.04762	0.04762	0.02967	0.01792	0.00895	0.01192	0.01191	0.01192	0.01490	0.01796	0.02115	0.01830	0.01819	0.01194	0.01139	0.01504	0.01195	0.01204	0.00900	0.00894	0.00911	0.00901	0.00901	0.00900	0.00901	0.00600	0.00297	0.00602	0.00294	0.00000	0.00588	0.00297
Hyaena	0.04746	0.04741	0.05046	0.05345	0.05063	0.05050	0.05049	0.05049	0.04757	0.04750	0.05346	0.05648	0.05653	0.05676	0.05048	0.05349	0.05645	0.04743	0.04445	0.04742	0.04453	0.04752	0.04744	0.05382	0.05359	0.05375	0.05043	0.05055	0.05043	0.05043	0.03253	0.01769	0.00883	0.01177	0.01176	0.01177	0.01472	0.01774	0.02088	0.01807	0.01796	0.01179	0.01027	0.01485	0.01180	0.01189	0.00889	0.00862	0.00899	0.00889	0.00889	0.00889	0.00889	0.00592	0.00900	0.00588	0.00864	0.00588	0.00000	0.00293
Whale	0.04449	0.04444	0.04749	0.05048	0.04765	0.04753	0.04751	0.04751	0.04459	0.04452	0.05048	0.05350	0.05355	0.05377	0.04751	0.05051	0.05347	0.04447	0.04148	0.04445	0.04155	0.04454	0.04447	0.05083	0.05061	0.05076	0.04746	0.05048	0.04746	0.04746	0.02957	0.01474	0.00589	0.00883	0.00882	0.00883	0.01177	0.01478	0.01790	0.01506	0.01496	0.00884	0.00854	0.01188	0.00885	0.00892	0.00897	0.00589	0.00599	0.00593	0.00593	0.00593	0.00593	0.00297	0.00600	0.00297	0.00596	0.00297	0.00293	0.00000