Sylvia_bir	0.00000	0.01767	0.01176	0.00880	0.01174	0.01178	0.00635	0.00790	0.00640	0.00885	0.00881	0.00879	0.00651	0.01474	0.00880	0.00639	0.01179	0.01478	0.01184	0.01177	0.01177	0.00638	0.01198	0.01176	0.01176	0.00637	0.01176	0.00881	0.01176	0.01473
Urocolius_	0.01767	0.00000	0.01755	0.01460	0.01752	0.01757	0.01462	0.01756	0.01461	0.01467	0.01460	0.01458	0.01460	0.01754	0.01460	0.01460	0.01462	0.01757	0.01467	0.01458	0.01166	0.01459	0.01484	0.01458	0.01458	0.00874	0.01457	0.01165	0.00874	0.01167
Pachyramph	0.01176	0.01755	0.00000	0.00291	0.00582	0.00880	0.00876	0.01168	0.00588	0.00879	0.00875	0.00873	0.00874	0.01464	0.00874	0.00875	0.01171	0.00878	0.01176	0.01169	0.01169	0.00874	0.01189	0.01168	0.01168	0.00876	0.01168	0.00875	0.01168	0.01178
Manakin_bi	0.00880	0.01460	0.00291	0.00000	0.00291	0.00875	0.00583	0.00874	0.00582	0.00584	0.00582	0.00581	0.00582	0.01168	0.00582	0.00582	0.00877	0.01175	0.00880	0.00874	0.00875	0.00581	0.00890	0.00874	0.00874	0.00583	0.00874	0.00582	0.00874	0.01167
Grallaria_	0.01174	0.01752	0.00582	0.00291	0.00000	0.01168	0.00874	0.01166	0.00874	0.00877	0.00873	0.00872	0.00873	0.01461	0.00873	0.00873	0.01169	0.01466	0.01174	0.01166	0.01167	0.00290	0.01187	0.01166	0.01166	0.00874	0.00582	0.00874	0.01166	0.01460
Aegithalos	0.01178	0.01757	0.00880	0.00875	0.01168	0.00000	0.00292	0.00583	0.00586	0.00880	0.00876	0.00874	0.00875	0.01465	0.00875	0.00876	0.01173	0.01177	0.01177	0.01170	0.01171	0.00875	0.01191	0.01170	0.01169	0.00877	0.01169	0.00876	0.01170	0.01175
Zebra_finc	0.00635	0.01462	0.00876	0.00583	0.00874	0.00292	0.00000	0.00291	0.00583	0.00586	0.00583	0.00582	0.00583	0.01171	0.00583	0.00583	0.00878	0.01177	0.00882	0.00876	0.00877	0.00582	0.00892	0.00876	0.00876	0.00583	0.00875	0.00583	0.00876	0.01170
Bower_bird	0.00790	0.01756	0.01168	0.00874	0.01166	0.00583	0.00291	0.00000	0.00869	0.00879	0.00875	0.00874	0.00872	0.01464	0.00874	0.00868	0.01171	0.01468	0.01176	0.01169	0.01169	0.00867	0.01189	0.01168	0.01168	0.00868	0.01168	0.00876	0.01168	0.01463
Sapayoa_bi	0.00640	0.01461	0.00588	0.00582	0.00874	0.00586	0.00583	0.00869	0.00000	0.00585	0.00582	0.00582	0.00582	0.01169	0.00582	0.00582	0.00877	0.00584	0.00881	0.00875	0.00876	0.00582	0.00891	0.00875	0.00875	0.00583	0.00875	0.00583	0.00875	0.00583
Chaetura_b	0.00885	0.01467	0.00879	0.00584	0.00877	0.00880	0.00586	0.00879	0.00585	0.00000	0.00585	0.00584	0.00584	0.01174	0.00584	0.00585	0.00881	0.01181	0.00884	0.00879	0.00879	0.00584	0.00895	0.00879	0.00878	0.00586	0.00878	0.00585	0.00879	0.01173
Zosterops_	0.00881	0.01460	0.00875	0.00582	0.00873	0.00876	0.00583	0.00875	0.00582	0.00585	0.00000	0.00581	0.00582	0.01169	0.00582	0.00582	0.00877	0.01176	0.00881	0.00875	0.00875	0.00582	0.00891	0.00875	0.00874	0.00583	0.00874	0.00583	0.00875	0.01168
Picatharte	0.00879	0.01458	0.00873	0.00581	0.00872	0.00874	0.00582	0.00874	0.00582	0.00584	0.00581	0.00000	0.00581	0.01167	0.00581	0.00581	0.00876	0.01174	0.00879	0.00874	0.00874	0.00581	0.00889	0.00873	0.00873	0.00582	0.00873	0.00582	0.00873	0.01166
Galbula_bi	0.00651	0.01460	0.00874	0.00582	0.00873	0.00875	0.00583	0.00872	0.00582	0.00584	0.00582	0.00581	0.00000	0.01168	0.00582	0.00582	0.00877	0.01175	0.00880	0.00874	0.00875	0.00581	0.00890	0.00874	0.00874	0.00583	0.00874	0.00582	0.00874	0.01167
Rhynocheto	0.01474	0.01754	0.01464	0.01168	0.01461	0.01465	0.01171	0.01464	0.01169	0.01174	0.01169	0.01167	0.01168	0.00000	0.01168	0.01169	0.00877	0.01176	0.00881	0.00875	0.01168	0.01168	0.00891	0.00875	0.00875	0.00875	0.00874	0.00583	0.00875	0.01168
Camarhynch	0.00880	0.01460	0.00874	0.00582	0.00873	0.00875	0.00583	0.00874	0.00582	0.00584	0.00582	0.00581	0.00582	0.01168	0.00000	0.00582	0.00877	0.01175	0.00880	0.00874	0.00875	0.00581	0.00890	0.00874	0.00874	0.00583	0.00874	0.00582	0.00874	0.01167
Spelaeorni	0.00639	0.01460	0.00875	0.00582	0.00873	0.00876	0.00583	0.00868	0.00582	0.00585	0.00582	0.00581	0.00582	0.01169	0.00582	0.00000	0.00877	0.01176	0.00881	0.00875	0.00875	0.00582	0.00891	0.00875	0.00874	0.00583	0.00874	0.00583	0.00875	0.01168
Cepphus_bi	0.01179	0.01462	0.01171	0.00877	0.01169	0.01173	0.00878	0.01171	0.00877	0.00881	0.00877	0.00876	0.00877	0.00877	0.00877	0.00877	0.00000	0.00889	0.00588	0.00581	0.00876	0.00876	0.00595	0.00584	0.00583	0.00584	0.00583	0.00292	0.00535	0.00765
Frogmouth_	0.01478	0.01757	0.00878	0.01175	0.01466	0.01177	0.01177	0.01468	0.00584	0.01181	0.01176	0.01174	0.01175	0.01176	0.01175	0.01176	0.00889	0.00000	0.00892	0.00886	0.01175	0.01175	0.00902	0.00886	0.00886	0.00887	0.00886	0.00607	0.00886	0.00583
Pedionomus	0.01184	0.01467	0.01176	0.00880	0.01174	0.01177	0.00882	0.01176	0.00881	0.00884	0.00881	0.00879	0.00880	0.00881	0.00880	0.00881	0.00588	0.00892	0.00000	0.00586	0.00880	0.00880	0.00597	0.00586	0.00586	0.00586	0.00586	0.00293	0.00586	0.00880
Chunga_bir	0.01177	0.01458	0.01169	0.00874	0.01166	0.01170	0.00876	0.01169	0.00875	0.00879	0.00875	0.00874	0.00874	0.00875	0.00874	0.00875	0.00581	0.00886	0.00586	0.00000	0.00874	0.00874	0.00593	0.00582	0.00582	0.00579	0.00579	0.00291	0.00516	0.00734
Eudromia_b	0.01177	0.01166	0.01169	0.00875	0.01167	0.01171	0.00877	0.01169	0.00876	0.00879	0.00875	0.00874	0.00875	0.01168	0.00875	0.00875	0.00876	0.01175	0.00880	0.00874	0.00000	0.00875	0.00890	0.00291	0.00874	0.00291	0.00874	0.00582	0.00874	0.01167
Furnarius_	0.00638	0.01459	0.00874	0.00581	0.00290	0.00875	0.00582	0.00867	0.00582	0.00584	0.00582	0.00581	0.00581	0.01168	0.00581	0.00582	0.00876	0.01175	0.00880	0.00874	0.00875	0.00000	0.00890	0.00874	0.00874	0.00582	0.00291	0.00582	0.00874	0.01167
Cockatoo_b	0.01198	0.01484	0.01189	0.00890	0.01187	0.01191	0.00892	0.01189	0.00891	0.00895	0.00891	0.00889	0.00890	0.00891	0.00890	0.00891	0.00595	0.00902	0.00597	0.00593	0.00890	0.00890	0.00000	0.00593	0.00593	0.00593	0.00593	0.00297	0.00593	0.00890
Centropus_	0.01176	0.01458	0.01168	0.00874	0.01166	0.01170	0.00876	0.01168	0.00875	0.00879	0.00875	0.00873	0.00874	0.00875	0.00874	0.00875	0.00584	0.00886	0.00586	0.00582	0.00291	0.00874	0.00593	0.00000	0.00582	0.00582	0.00582	0.00291	0.00582	0.00874
Short_legg	0.01176	0.01458	0.01168	0.00874	0.01166	0.01169	0.00876	0.01168	0.00875	0.00878	0.00874	0.00873	0.00874	0.00875	0.00874	0.00874	0.00583	0.00886	0.00586	0.00582	0.00874	0.00874	0.00593	0.00582	0.00000	0.00582	0.00581	0.00291	0.00582	0.00874
Budgerigar	0.00637	0.00874	0.00876	0.00583	0.00874	0.00877	0.00583	0.00868	0.00583	0.00586	0.00583	0.00582	0.00583	0.00875	0.00583	0.00583	0.00584	0.00887	0.00586	0.00579	0.00291	0.00582	0.00593	0.00582	0.00582	0.00000	0.00582	0.00291	0.00531	0.00759
Anhinga_bi	0.01176	0.01457	0.01168	0.00874	0.00582	0.01169	0.00875	0.01168	0.00875	0.00878	0.00874	0.00873	0.00874	0.00874	0.00874	0.00874	0.00583	0.00886	0.00586	0.00579	0.00874	0.00291	0.00593	0.00582	0.00581	0.00582	0.00000	0.00291	0.00531	0.00758
Falcon_bir	0.00881	0.01165	0.00875	0.00582	0.00874	0.00876	0.00583	0.00876	0.00583	0.00585	0.00583	0.00582	0.00582	0.00583	0.00582	0.00583	0.00292	0.00607	0.00293	0.00291	0.00582	0.00582	0.00297	0.00291	0.00291	0.00291	0.00291	0.00000	0.00279	0.00532
Chicken_bi	0.01176	0.00874	0.01168	0.00874	0.01166	0.01170	0.00876	0.01168	0.00875	0.00879	0.00875	0.00873	0.00874	0.00875	0.00874	0.00875	0.00535	0.00886	0.00586	0.00516	0.00874	0.00874	0.00593	0.00582	0.00582	0.00531	0.00531	0.00279	0.00000	0.00291
Bill_bird	0.01473	0.01167	0.01178	0.01167	0.01460	0.01175	0.01170	0.01463	0.00583	0.01173	0.01168	0.01166	0.01167	0.01168	0.01167	0.01168	0.00765	0.00583	0.00880	0.00734	0.01167	0.01167	0.00890	0.00874	0.00874	0.00759	0.00758	0.00532	0.00291	0.00000
